0
1
0
0
0
0
0
0
0
0
0
0
0
0
0
0
0
1
0
0
0
0
0
0
0
0
0
0
0
1
0
0
0
0
0
0
0
0
0
0
0
1
0
2
0
0
5
3
1
0
1
3
3
2
0
1
4
2
11
28
28
61
50
36
69
97
105
148
128
74
49
136
188
155
203
225
178
149
327
290
338
321
347
229
237
573
473
534
430
514
426
438
888
866
912
939
1076
755
705
1432
1385
1303
1391
1597
1035
992
1805
1797
1755
1765
1379
1352
1241
2507
2082
2265
2374
2393
1513
1403
2942
2903
3095
3050
3449
2151
1623
3998
3547
3894
3978
3963
2257
1861
4593
4315
4457
4204
4344
2713
2061
5249
4716
4916
4872
5013
2984
2324
6128
5733
5690
5363
5588
3053
2567
6524
6375
6094
6022
6073
3536
2432
6832
6576
6265
6231
6470
3629
2917
7462
7144
7544
7000
7016
3623
2953
7787
7832
7400
7094
7152
3823
3178
8792
8411
8739
8181
7894
4346
3389
9045
8611
8279
7994
7952
4113
2968
8419
8111
7616
7528
6662
3722
2478
7430
7290
7072
6618
6545
3621
2379
7091
6785
6313
6250
6053
3147
2267
6718
6560
6150
5846
6120
3029
2271
6855
6406
6875
6328
6213
3018
2128
6800
6939
6759
6152
5896
2749
1982
6194
6408
5886
5487
5309
2670
1803
5985
4098
2083
6003
5551
2659
1702
6031
5943
5494
5157
5086
2534
1701
5954
5752
5236
4965
4709
2271
1583
5275
5423
5204
4983
5088
2500
1801
5655
5346
4208
3470
2065
560
74
4
